   10.0000000       10.0000000      = l, b
    d       x       y       z       ne      dsm    arm  cl void
  0.005   0.001   8.495   0.001   0.0050  0.250E-06 5    0  0
  0.015   0.003   8.485   0.003   0.0050  0.250E-06 5    0  0
  0.025   0.004   8.476   0.004   0.0050  0.250E-06 5    0  0
  0.035   0.006   8.466   0.006   0.0050  0.250E-06 5    0  0
  0.045   0.008   8.456   0.008   0.0050  0.250E-06 5    0  0
  0.055   0.009   8.447   0.010   0.0050  0.250E-06 5    0  0
  0.065   0.011   8.437   0.011   0.0050  0.250E-06 5    0  0
  0.075   0.013   8.427   0.013   0.0050  0.250E-06 5    0  0
  0.085   0.015   8.418   0.015   0.0050  0.250E-06 5    0  0
  0.095   0.016   8.408   0.016   0.0050  0.250E-06 5    0  0
  0.105   0.018   8.398   0.018   0.0050  0.250E-06 5    0  0
  0.115   0.020   8.388   0.020   0.0050  0.250E-06 5    0  0
  0.125   0.021   8.379   0.022   0.0050  0.250E-06 5    0  0
  0.135   0.023   8.369   0.023   0.0050  0.250E-06 5    0  0
  0.145   0.025   8.359   0.025   0.0040  0.000E+00 5    0 11
  0.155   0.027   8.350   0.027   0.0040  0.000E+00 5    0 11
  0.165   0.028   8.340   0.029   0.0040  0.000E+00 5    0 11
  0.175   0.030   8.330   0.030   0.0040  0.000E+00 5    0 11
  0.185   0.032   8.321   0.032   0.0040  0.000E+00 5    0 11
  0.195   0.033   8.311   0.034   0.0040  0.000E+00 5    0 11
  0.205   0.035   8.301   0.036   0.0040  0.000E+00 5    0 11
  0.215   0.037   8.291   0.037   0.0040  0.000E+00 5    0 11
  0.225   0.038   8.282   0.039   0.0040  0.000E+00 5    0 11
  0.235   0.040   8.272   0.041   0.0040  0.000E+00 5    0 11
  0.245   0.042   8.262   0.043   0.0040  0.000E+00 5    0 11
  0.255   0.044   8.253   0.044   0.0040  0.000E+00 5    0 11
  0.265   0.045   8.243   0.046   0.0040  0.000E+00 5    0 11
  0.275   0.047   8.233   0.048   0.0040  0.000E+00 5    0 11
  0.285   0.049   8.224   0.049   0.0040  0.000E+00 5    0 11
  0.295   0.050   8.214   0.051   0.0040  0.000E+00 5    0 11
  0.305   0.052   8.204   0.053   0.0040  0.000E+00 5    0 11
  0.315   0.054   8.194   0.055   0.0040  0.000E+00 5    0 11
  0.325   0.056   8.185   0.056   0.0040  0.000E+00 5    0 11
  0.335   0.057   8.175   0.058   0.0040  0.000E+00 5    0 11
  0.345   0.059   8.165   0.060   0.0040  0.000E+00 5    0 11
  0.355   0.061   8.156   0.062   0.0385  0.282E-03 5    0  0
  0.365   0.062   8.146   0.063   0.0385  0.282E-03 5    0  0
  0.375   0.064   8.136   0.065   0.0385  0.283E-03 5    0  0
  0.385   0.066   8.127   0.067   0.0386  0.283E-03 5    0  0
  0.395   0.068   8.117   0.069   0.0386  0.284E-03 5    0  0
  0.405   0.069   8.107   0.070   0.0386  0.285E-03 5    0  0
  0.415   0.071   8.098   0.072   0.0387  0.286E-03 5    0  0
  0.425   0.073   8.088   0.074   0.0387  0.287E-03 5    0  0
  0.435   0.074   8.078   0.076   0.0388  0.288E-03 5    0  0
  0.445   0.076   8.068   0.077   0.0388  0.290E-03 5    0  0
  0.455   0.078   8.059   0.079   0.0389  0.291E-03 5    0  0
  0.465   0.080   8.049   0.081   0.0389  0.293E-03 5    0  0
  0.475   0.081   8.039   0.082   0.0390  0.295E-03 5    0  0
  0.485   0.083   8.030   0.084   0.0390  0.297E-03 5    0  0
  0.495   0.085   8.020   0.086   0.0391  0.299E-03 5    0  0
  0.505   0.086   8.010   0.088   0.0392  0.301E-03 5    0  0
  0.515   0.088   8.001   0.089   0.0392  0.304E-03 5    0  0
  0.525   0.090   7.991   0.091   0.0393  0.307E-03 5    0  0
  0.535   0.091   7.981   0.093   0.0394  0.309E-03 5    0  0
  0.545   0.093   7.971   0.095   0.0395  0.312E-03 5    0  0
  0.555   0.095   7.962   0.096   0.0396  0.316E-03 5    0  0
  0.565   0.097   7.952   0.098   0.0397  0.319E-03 5    0  0
  0.575   0.098   7.942   0.100   0.0398  0.323E-03 5    0  0
  0.585   0.100   7.933   0.102   0.0399  0.326E-03 5    0  0
  0.595   0.102   7.923   0.103   0.0400  0.330E-03 3    0  0
  0.605   0.103   7.913   0.105   0.0401  0.335E-03 3    0  0
  0.615   0.105   7.904   0.107   0.0402  0.339E-03 3    0  0
  0.625   0.107   7.894   0.109   0.0403  0.344E-03 3    0  0
  0.635   0.109   7.884   0.110   0.0404  0.349E-03 3    0  0
  0.645   0.110   7.874   0.112   0.0405  0.354E-03 3    0  0
  0.655   0.112   7.865   0.114   0.0406  0.360E-03 3    0  0
  0.665   0.114   7.855   0.115   0.0407  0.366E-03 3    0  0
  0.675   0.115   7.845   0.117   0.0409  0.372E-03 3    0  0
  0.685   0.117   7.836   0.119   0.0410  0.378E-03 3    0  0
  0.695   0.119   7.826   0.121   0.0411  0.385E-03 3    0  0
  0.705   0.121   7.816   0.122   0.0413  0.392E-03 3    0  0
  0.715   0.122   7.807   0.124   0.0414  0.399E-03 3    0  0
  0.725   0.124   7.797   0.126   0.0415  0.407E-03 3    0  0
  0.735   0.126   7.787   0.128   0.0417  0.414E-03 3    0  0
  0.745   0.127   7.777   0.129   0.0418  0.423E-03 3    0  0
  0.755   0.129   7.768   0.131   0.0420  0.431E-03 3    0  0
  0.765   0.131   7.758   0.133   0.0421  0.440E-03 3    0  0
  0.775   0.133   7.748   0.135   0.0423  0.449E-03 3    0  0
  0.785   0.134   7.739   0.136   0.0424  0.459E-03 3    0  0
  0.795   0.136   7.729   0.138   0.0426  0.469E-03 3    0  0
  0.805   0.138   7.719   0.140   0.0427  0.479E-03 3    0  0
  0.815   0.139   7.710   0.142   0.0429  0.489E-03 3    0  0
  0.825   0.141   7.700   0.143   0.0430  0.500E-03 3    0  0
  0.835   0.143   7.690   0.145   0.0432  0.512E-03 3    0  0
  0.845   0.145   7.680   0.147   0.0434  0.523E-03 3    0  0
  0.855   0.146   7.671   0.148   0.0435  0.535E-03 3    0  0
  0.865   0.148   7.661   0.150   0.0437  0.547E-03 3    0  0
  0.875   0.150   7.651   0.152   0.0438  0.560E-03 3    0  0
  0.885   0.151   7.642   0.154   0.0440  0.573E-03 3    0  0
  0.895   0.153   7.632   0.155   0.0442  0.586E-03 3    0  0
  0.905   0.155   7.622   0.157   0.0443  0.599E-03 3    0  0
  0.915   0.156   7.613   0.159   0.0445  0.613E-03 3    0  0
  0.925   0.158   7.603   0.161   0.0447  0.627E-03 3    0  0
  0.935   0.160   7.593   0.162   0.0448  0.641E-03 3    0  0
  0.945   0.162   7.583   0.164   0.0450  0.655E-03 3    0  0
  0.955   0.163   7.574   0.166   0.0452  0.670E-03 3    0  0
  0.965   0.165   7.564   0.168   0.0453  0.685E-03 3    0  0
  0.975   0.167   7.554   0.169   0.0455  0.700E-03 3    0  0
  0.985   0.168   7.545   0.171   0.0456  0.716E-03 3    0  0
  0.995   0.170   7.535   0.173   0.0458  0.731E-03 3    0  0
  1.005   0.172   7.525   0.175   0.0460  0.747E-03 3    0  0
  1.015   0.174   7.516   0.176   0.0461  0.763E-03 3    0  0
  1.025   0.175   7.506   0.178   0.0463  0.779E-03 3    0  0
  1.035   0.177   7.496   0.180   0.0464  0.795E-03 3    0  0
  1.045   0.179   7.487   0.181   0.0466  0.811E-03 3    0  0
  1.055   0.180   7.477   0.183   0.0467  0.827E-03 3    0  0
  1.065   0.182   7.467   0.185   0.0469  0.844E-03 3    0  0
  1.075   0.184   7.457   0.187   0.0470  0.860E-03 3    0  0
  1.085   0.186   7.448   0.188   0.0472  0.876E-03 3    0  0
  1.095   0.187   7.438   0.190   0.0473  0.893E-03 3    0  0
  1.105   0.189   7.428   0.192   0.0475  0.909E-03 3    0  0
  1.115   0.191   7.419   0.194   0.0476  0.925E-03 3    0  0
  1.125   0.192   7.409   0.195   0.0477  0.941E-03 3    0  0
  1.135   0.194   7.399   0.197   0.0479  0.957E-03 3    0  0
  1.145   0.196   7.390   0.199   0.0480  0.973E-03 3    0  0
  1.155   0.198   7.380   0.201   0.0481  0.988E-03 3    0  0
  1.165   0.199   7.370   0.202   0.0483  0.100E-02 3    0  0
  1.175   0.201   7.360   0.204   0.0484  0.102E-02 3    0  0
  1.185   0.203   7.351   0.206   0.0485  0.103E-02 3    0  0
  1.195   0.204   7.341   0.208   0.0486  0.105E-02 3    0  0
  1.205   0.206   7.331   0.209   0.0487  0.106E-02 3    0  0
  1.215   0.208   7.322   0.211   0.0488  0.108E-02 3    0  0
  1.225   0.209   7.312   0.213   0.0489  0.109E-02 3    0  0
  1.235   0.211   7.302   0.214   0.0490  0.110E-02 3    0  0
  1.245   0.213   7.293   0.216   0.0491  0.111E-02 3    0  0
  1.255   0.215   7.283   0.218   0.0492  0.113E-02 3    0  0
  1.265   0.216   7.273   0.220   0.0493  0.114E-02 3    0  0
  1.275   0.218   7.263   0.221   0.0493  0.115E-02 3    0  0
  1.285   0.220   7.254   0.223   0.0494  0.116E-02 3    0  0
  1.295   0.221   7.244   0.225   0.0495  0.117E-02 3    0  0
  1.305   0.223   7.234   0.227   0.0495  0.118E-02 3    0  0
  1.315   0.225   7.225   0.228   0.0496  0.119E-02 3    0  0
  1.325   0.227   7.215   0.230   0.0497  0.119E-02 3    0  0
  1.335   0.228   7.205   0.232   0.0497  0.120E-02 3    0  0
  1.345   0.230   7.196   0.234   0.0497  0.121E-02 3    0  0
  1.355   0.232   7.186   0.235   0.0498  0.121E-02 3    0  0
  1.365   0.233   7.176   0.237   0.0498  0.122E-02 3    0  0
  1.375   0.235   7.166   0.239   0.0498  0.122E-02 3    0  0
  1.385   0.237   7.157   0.241   0.0499  0.123E-02 3    0  0
  1.395   0.239   7.147   0.242   0.0499  0.123E-02 3    0  0
  1.405   0.240   7.137   0.244   0.0499  0.123E-02 3    0  0
  1.415   0.242   7.128   0.246   0.0499  0.124E-02 3    0  0
  1.425   0.244   7.118   0.247   0.0499  0.124E-02 3    0  0
  1.435   0.245   7.108   0.249   0.0499  0.124E-02 3    0  0
  1.445   0.247   7.099   0.251   0.0499  0.124E-02 3    0  0
  1.455   0.249   7.089   0.253   0.0499  0.124E-02 3    0  0
  1.465   0.251   7.079   0.254   0.0498  0.124E-02 3    0  0
  1.475   0.252   7.069   0.256   0.0498  0.123E-02 3    0  0
  1.485   0.254   7.060   0.258   0.0498  0.123E-02 3    0  0
  1.495   0.256   7.050   0.260   0.0498  0.123E-02 3    0  0
  1.505   0.257   7.040   0.261   0.0497  0.122E-02 3    0  0
  1.515   0.259   7.031   0.263   0.0497  0.122E-02 3    0  0
  1.525   0.261   7.021   0.265   0.0496  0.121E-02 3    0  0
  1.535   0.263   7.011   0.267   0.0496  0.121E-02 3    0  0
  1.545   0.264   7.002   0.268   0.0495  0.120E-02 3    0  0
  1.555   0.266   6.992   0.270   0.0494  0.119E-02 3    0  0
  1.565   0.268   6.982   0.272   0.0494  0.118E-02 3    0  0
  1.575   0.269   6.972   0.273   0.0493  0.117E-02 3    0  0
  1.585   0.271   6.963   0.275   0.0492  0.116E-02 3    0  0
  1.595   0.273   6.953   0.277   0.0491  0.115E-02 3    0  0
  1.605   0.274   6.943   0.279   0.0490  0.114E-02 3    0  0
  1.615   0.276   6.934   0.280   0.0489  0.113E-02 3    0  0
  1.625   0.278   6.924   0.282   0.0488  0.112E-02 3    0  0
  1.635   0.280   6.914   0.284   0.0487  0.111E-02 3    0  0
  1.645   0.281   6.905   0.286   0.0486  0.110E-02 3    0  0
  1.655   0.283   6.895   0.287   0.0485  0.108E-02 3    0  0
  1.665   0.285   6.885   0.289   0.0484  0.107E-02 3    0  0
  1.675   0.286   6.876   0.291   0.0483  0.105E-02 3    0  0
  1.685   0.288   6.866   0.293   0.0481  0.104E-02 3    0  0
  1.695   0.290   6.856   0.294   0.0480  0.103E-02 3    0  0
  1.705   0.292   6.846   0.296   0.0479  0.101E-02 3    0  0
  1.715   0.293   6.837   0.298   0.0477  0.996E-03 3    0  0
  1.725   0.295   6.827   0.300   0.0476  0.981E-03 3    0  0
  1.735   0.297   6.817   0.301   0.0474  0.965E-03 3    0  0
  1.745   0.298   6.808   0.303   0.0473  0.949E-03 3    0  0
  1.755   0.300   6.798   0.305   0.0471  0.933E-03 3    0  0
  1.765   0.302   6.788   0.306   0.0470  0.917E-03 3    0  0
  1.775   0.304   6.779   0.308   0.0468  0.901E-03 3    0  0
  1.785   0.305   6.769   0.310   0.0467  0.884E-03 3    0  0
  1.795   0.307   6.759   0.312   0.0465  0.868E-03 3    0  0
  1.805   0.309   6.749   0.313   0.0464  0.851E-03 3    0  0
  1.815   0.310   6.740   0.315   0.0462  0.835E-03 3    0  0
  1.825   0.312   6.730   0.317   0.0460  0.819E-03 3    0  0
  1.835   0.314   6.720   0.319   0.0459  0.802E-03 3    0  0
  1.845   0.316   6.711   0.320   0.0457  0.786E-03 3    0  0
  1.855   0.317   6.701   0.322   0.0455  0.769E-03 3    0  0
  1.865   0.319   6.691   0.324   0.0453  0.753E-03 3    0  0
  1.875   0.321   6.682   0.326   0.0452  0.737E-03 3    0  0
  1.885   0.322   6.672   0.327   0.0450  0.721E-03 3    0  0
  1.895   0.324   6.662   0.329   0.0448  0.705E-03 3    0  0
  1.905   0.326   6.652   0.331   0.0446  0.690E-03 3    0  0
  1.915   0.327   6.643   0.333   0.0444  0.674E-03 3    0  0
  1.925   0.329   6.633   0.334   0.0443  0.659E-03 3    0  0
  1.935   0.331   6.623   0.336   0.0441  0.644E-03 3    0  0
  1.945   0.333   6.614   0.338   0.0439  0.629E-03 3    0  0
  1.955   0.334   6.604   0.339   0.0437  0.614E-03 3    0  0
  1.965   0.336   6.594   0.341   0.0435  0.600E-03 3    0  0
  1.975   0.338   6.585   0.343   0.0433  0.586E-03 3    0  0
  1.985   0.339   6.575   0.345   0.0432  0.572E-03 3    0  0
  1.995   0.341   6.565   0.346   0.0430  0.558E-03 3    0  0
  2.005   0.343   6.555   0.348   0.0428  0.545E-03 3    0  0
  2.015   0.345   6.546   0.350   0.0426  0.532E-03 3    0  0
  2.025   0.346   6.536   0.352   0.0424  0.519E-03 3    0  0
  2.035   0.348   6.526   0.353   0.0422  0.507E-03 3    0  0
  2.045   0.350   6.517   0.355   0.0421  0.495E-03 3    0  0
  2.055   0.351   6.507   0.357   0.0419  0.483E-03 3    0  0
  2.065   0.353   6.497   0.359   0.0417  0.471E-03 3    0  0
  2.075   0.355   6.488   0.360   0.0415  0.460E-03 3    0  0
  2.085   0.357   6.478   0.362   0.0413  0.449E-03 3    0  0
  2.095   0.358   6.468   0.364   0.0412  0.439E-03 3    0  0
  2.105   0.360   6.458   0.366   0.0410  0.428E-03 3    0  0
  2.115   0.362   6.449   0.367   0.0408  0.418E-03 3    0  0
  2.125   0.363   6.439   0.369   0.0406  0.409E-03 3    0  0
  2.135   0.365   6.429   0.371   0.0405  0.399E-03 3    0  0
  2.145   0.367   6.420   0.372   0.0403  0.390E-03 3    0  0
  2.155   0.369   6.410   0.374   0.0401  0.382E-03 3    0  0
  2.165   0.370   6.400   0.376   0.0399  0.373E-03 3    0  0
  2.175   0.372   6.391   0.378   0.0398  0.365E-03 3    0  0
  2.185   0.374   6.381   0.379   0.0396  0.357E-03 3    0  0
  2.195   0.375   6.371   0.381   0.0394  0.350E-03 3    0  0
  2.205   0.377   6.361   0.383   0.0393  0.342E-03 3    0  0
  2.215   0.379   6.352   0.385   0.0391  0.335E-03 3    0  0
  2.225   0.380   6.342   0.386   0.0390  0.328E-03 3    0  0
  2.235   0.382   6.332   0.388   0.0388  0.322E-03 3    0  0
  2.245   0.384   6.323   0.390   0.0386  0.316E-03 3    0  0
  2.255   0.386   6.313   0.392   0.0385  0.310E-03 3    0  0
  2.265   0.387   6.303   0.393   0.0383  0.304E-03 3    0  0
  2.275   0.389   6.294   0.395   0.0382  0.298E-03 3    0  0
  2.285   0.391   6.284   0.397   0.0380  0.293E-03 3    0  0
  2.295   0.392   6.274   0.399   0.0379  0.288E-03 3    0  0
  2.305   0.394   6.265   0.400   0.0377  0.283E-03 3    0  0
  2.315   0.396   6.255   0.402   0.0376  0.278E-03 3    0  0
  2.325   0.398   6.245   0.404   0.0375  0.274E-03 3    0  0
  2.335   0.399   6.235   0.405   0.0373  0.270E-03 3    0  0
  2.345   0.401   6.226   0.407   0.0372  0.266E-03 3    0  0
  2.355   0.403   6.216   0.409   0.0371  0.262E-03 3    0  0
  2.365   0.404   6.206   0.411   0.0369  0.258E-03 3    0  0
  2.375   0.406   6.197   0.412   0.0368  0.255E-03 3    0  0
  2.385   0.408   6.187   0.414   0.0367  0.251E-03 3    0  0
  2.395   0.410   6.177   0.416   0.0365  0.248E-03 3    0  0
  2.405   0.411   6.168   0.418   0.0364  0.245E-03 3    0  0
  2.415   0.413   6.158   0.419   0.0363  0.242E-03 3    0  0
  2.425   0.415   6.148   0.421   0.0362  0.239E-03 3    0  0
  2.435   0.416   6.138   0.423   0.0360  0.236E-03 3    0  0
  2.445   0.418   6.129   0.425   0.0359  0.234E-03 3    0  0
  2.455   0.420   6.119   0.426   0.0358  0.231E-03 3    0  0
  2.465   0.422   6.109   0.428   0.0357  0.229E-03 3    0  0
  2.475   0.423   6.100   0.430   0.0356  0.227E-03 3    0  0
  2.485   0.425   6.090   0.432   0.0355  0.225E-03 3    0  0
  2.495   0.427   6.080   0.433   0.0354  0.223E-03 3    0  0
  2.505   0.428   6.071   0.435   0.0353  0.221E-03 3    0  0
  2.515   0.430   6.061   0.437   0.0352  0.219E-03 3    0  0
  2.525   0.432   6.051   0.438   0.0351  0.217E-03 3    0  0
  2.535   0.434   6.041   0.440   0.0349  0.216E-03 3    0  0
  2.545   0.435   6.032   0.442   0.0349  0.214E-03 3    0  0
  2.555   0.437   6.022   0.444   0.0348  0.213E-03 3    0  0
  2.565   0.439   6.012   0.445   0.0347  0.211E-03 3    0  0
  2.575   0.440   6.003   0.447   0.0346  0.210E-03 3    0  0
  2.585   0.442   5.993   0.449   0.0345  0.208E-03 3    0  0
  2.595   0.444   5.983   0.451   0.0344  0.207E-03 3    0  0
  2.605   0.445   5.974   0.452   0.0343  0.206E-03 3    0  0
  2.615   0.447   5.964   0.454   0.0342  0.205E-03 3    0  0
  2.625   0.449   5.954   0.456   0.0341  0.204E-03 3    0  0
